CDS	1.8182	2.0000	1.7273	5.5455
CDS	0.7990	0.7820	0.7308	2.3118
CDS	0.7588	0.7138	0.7010	2.1736
CDS	0.8904	0.8998	0.7925	2.5828
CDS	0.9899	1.0303	1.1111	3.1313
CCDS	0.9498	0.9653	0.8880	2.8031
CCDS	0.7254	0.7128	0.6415	2.0797
CDS	1.0629	1.0629	0.9182	3.0440
CDS	0.8776	0.9388	0.8776	2.6939
CCDS	1.1323	1.2169	1.0370	3.3862
CCDS	0.8908	0.8739	0.8824	2.6471
CDS	1.0494	1.0864	1.0617	3.1975
CCDS	0.9778	0.9185	0.9630	2.8593
CDS	1.2019	1.1737	1.0078	3.3834
CDS	0.9867	0.9549	0.8276	2.7692
CDS	0.7170	0.7385	0.7062	2.1617
CCDS	1.2857	1.2571	1.1429	3.6857
CCDS	1.4118	1.3333	1.3333	4.0784
CDS	0.7969	0.7969	0.7506	2.3445
CDS	0.6821	0.7616	0.6887	2.1325
CCDS	0.9286	0.8571	0.8333	2.6190
CCDS	0.9130	0.9130	0.8478	2.6739
CCDS	1.3864	1.4091	1.2727	4.0682
CDS	0.8493	1.0959	0.9863	2.9315
CDS	0.8790	0.8662	0.7580	2.5032
CDS	0.9265	0.8754	0.6688	2.4707
CDS	1.0424	1.0061	0.9818	3.0303
CDS	0.9333	1.1200	1.0400	3.0933
CDS	1.0536	0.9905	0.9085	2.9527
CDS	0.7148	0.7607	0.7279	2.2033
CDS	0.9854	0.9708	0.9708	2.9270
CDS	0.8982	0.8407	0.8251	2.5640
CDS	1.0242	1.0261	0.8641	2.9143
CDS	0.8182	0.9394	0.8182	2.5758
CCDS	0.8528	0.8528	0.9442	2.6497
CCDS	0.9008	0.9237	0.8626	2.6870
CCDS	0.7104	0.6950	0.6525	2.0579
CCDS	0.9557	0.9261	0.8227	2.7044
CCDS	1.0079	0.9344	0.8609	2.8031
CCDS	0.8792	0.9188	0.8158	2.6139
CDS	0.9961	0.9883	0.9650	2.9494
CDS	0.9299	0.8408	0.8408	2.6115
CDS	0.8765	0.8951	0.7832	2.5548
CDS	1.1667	1.1042	1.1458	3.4167
CDS	0.8063	0.8153	0.7387	2.3604
CDS	1.0169	1.0056	0.9944	3.0169
CDS	1.0048	0.9404	0.7923	2.7375
CDS	0.8750	0.8375	0.8125	2.5250
CCDS	0.8114	0.7544	0.7829	2.3488
CCDS	1.1587	1.1587	0.9524	3.2698
CCDS	0.9270	0.9124	0.8613	2.7007
CCDS	0.9212	0.9273	0.8909	2.7394
CCDS	0.9324	0.9464	0.9231	2.8019
CCDS	0.8662	0.8433	0.8025	2.5121
CDS	0.9632	0.9632	0.8235	2.7500
CDS	0.8848	0.8664	0.8940	2.6452
CDS	1.2075	1.2453	1.2453	3.6981
CCDS	1.0455	0.9545	0.9455	2.9455
CCDS	0.9329	0.9412	0.8338	2.7079
CCDS	0.7398	0.7372	0.6888	2.1658
CCDS	1.0086	0.9310	0.9569	2.8966
CCDS	1.0379	0.9541	0.8743	2.8663
CCDS	0.7407	0.7266	0.6526	2.1199
CDS	0.8259	0.7372	0.6553	2.2184
CDS	0.9098	0.8784	0.8235	2.6118
CCDS	0.9442	0.9013	0.8498	2.6953
CCDS	0.8603	0.9013	0.7598	2.5214
CCDS	0.9268	0.8354	0.8598	2.6220
CCDS	0.7428	0.7536	0.6848	2.1812
CDS	1.0909	1.1364	1.1364	3.3636
CDS	0.7634	0.7583	0.7226	2.2443
CCDS	1.0693	0.9901	0.9010	2.9604
CCDS	0.9722	0.9208	0.8308	2.7238
CCDS	0.9560	0.8681	0.7253	2.5495
CCDS	1.0382	0.9313	0.9351	2.9046
CCDS	1.7241	1.5172	1.2414	4.4828
CDS	0.7429	0.7365	0.7492	2.2286
CCDS	1.4667	1.4667	1.3333	4.2667
CDS	0.7687	0.7130	0.7096	2.1913
CDS	0.9634	0.9268	0.9512	2.8415
CDS	0.7881	0.8955	0.7701	2.4537
CDS	0.8497	0.8497	0.9150	2.6144
CDS	0.8662	0.8535	0.7452	2.4650
CDS	0.8852	0.9180	0.9344	2.7377
CDS	0.7844	0.7538	0.7301	2.2683
CDS	0.8468	0.8468	0.8145	2.5081
CDS	0.8918	0.8918	0.8609	2.6446
CDS	0.9086	0.9307	0.8421	2.6814
CDS	0.8428	0.8474	0.8018	2.4920
CDS	0.9349	0.8530	0.8096	2.5976
CDS	0.7978	0.8202	0.7753	2.3933
CDS	0.8780	0.8333	0.8008	2.5122
CDS	0.8208	0.7622	0.7622	2.3453
CDS	0.8809	0.8303	0.7798	2.4910
CDS	0.8029	0.7933	0.7838	2.3800
CDS	1.0625	1.0990	1.0521	3.2135
CDS	0.9412	0.9673	0.8824	2.7908
CDS	0.7368	0.7018	0.6667	2.1053
CDS	1.0288	0.9933	0.8670	2.8891
CDS	1.0308	1.0923	1.0308	3.1538
CCDS	0.9394	1.1212	0.9394	3.0000
CCDS	0.8790	0.8629	0.7823	2.5242
CCDS	0.9469	0.9082	0.8792	2.7343
CDS	1.3333	1.4667	1.7333	4.5333
CDS	0.8621	0.9253	0.8793	2.6667
CCDS	0.8080	0.8279	0.7830	2.4190
CCDS	0.7749	0.7403	0.7013	2.2165
CCDS	1.0340	0.9660	0.9660	2.9660
CCDS	0.9463	1.0537	0.9195	2.9195
CDS	0.7609	0.8043	0.8696	2.4348
CDS	0.8351	0.8772	0.8000	2.5123
CCDS	0.9563	0.9694	0.8253	2.7511
CDS	0.9647	0.9725	0.8941	2.8314
CDS	1.1419	1.0180	0.8356	2.9955
CDS	1.1918	1.2044	1.0903	3.4865
CDS	1.0905	1.1705	1.0779	3.3389
CCDS	0.6796	0.6505	0.6958	2.0259
CDS	1.0115	0.9607	0.7921	2.7644
CDS	1.2066	1.0909	1.1405	3.4380
CCDS	1.0038	0.9434	0.9208	2.8679
CCDS	0.9066	0.8581	0.8374	2.6021
CCDS	1.1034	1.0000	1.0000	3.1034
CDS	0.8627	0.8627	0.7698	2.4952
CCDS	0.8105	0.8005	0.6750	2.2861
CDS	1.2402	1.1508	1.0168	3.4078
CCDS	0.9593	0.9593	0.8959	2.8145
CDS	0.8932	0.8608	0.8091	2.5631
CDS	0.9883	0.9494	0.8638	2.8016
CDS	0.8163	0.8299	0.7211	2.3673
CDS	0.7561	0.6829	0.6439	2.0829
CCDS	1.0709	1.0394	1.0551	3.1654
CDS	0.8771	0.8904	0.8505	2.6179
CCDS	0.9789	0.9789	0.9225	2.8803
CCDS	1.0038	0.9358	0.8981	2.8377
CCDS	0.7506	0.7458	0.7458	2.2421
CCDS	0.7638	0.7839	0.8141	2.3618
CCDS	1.0990	1.0594	1.0297	3.1881
CCDS	0.9158	0.8526	0.9053	2.6737
CCDS	0.8360	0.7344	0.6882	2.2587
CCDS	0.7773	0.7854	0.7287	2.2915
CCDS	1.1385	1.1385	1.0872	3.3641
CCDS	0.8000	0.8500	0.8250	2.4750
CCDS	0.9614	0.8240	0.8412	2.6266
CCDS	0.6796	0.6990	0.7314	2.1100
CCDS	1.0526	1.0658	0.9474	3.0658
CCDS	0.8085	0.6298	0.6894	2.1277
CCDS	0.8475	0.8136	0.6554	2.3164
CDS	0.7531	0.7951	0.7086	2.2568
CDS	0.8970	0.8544	0.7456	2.4970
CDS	0.8930	0.9091	0.7273	2.5294
CDS	0.9323	0.8571	0.8271	2.6165
CDS	0.7609	0.8620	0.7273	2.3502
CDS	0.9107	0.9682	0.8502	2.7292
CCDS	0.8806	0.8712	0.8384	2.5902
CDS	0.8228	0.7975	0.7595	2.3797
CDS	1.4545	1.4545	1.7273	4.6364
CDS	1.2522	1.2522	1.1652	3.6696
CCDS	0.9615	0.9712	0.9808	2.9135
CCDS	0.8989	0.9064	0.8689	2.6742
CCDS	0.9528	1.0043	0.9871	2.9442
CDS	0.6561	0.7273	0.6443	2.0277
CDS	0.9937	1.0526	0.9263	2.9726
CDS	0.8497	0.8031	0.8860	2.5389
CCDS	1.0853	1.2093	1.1163	3.4109
CCDS	0.7232	0.6421	0.5904	1.9557
CCDS	1.0618	1.0182	0.9091	2.9891
CCDS	0.7565	0.8171	0.7093	2.2828
CCDS	1.0038	0.9962	0.9208	2.9208
CDS	1.2231	1.1653	1.0000	3.3884
CDS	1.1972	1.3169	1.1408	3.6549
